   0/272   2954/2954     0.819       0.2      6.46      1.11      8.59        20      2.42      0.534      0.974      0.922       0.69      0.822
   1/272   2954/2954     0.493    0.0337     0.326   0.00159     0.855        23     0.394      0.534      0.979      0.942      0.691      0.762
   2/272   2954/2954     0.473    0.0321     0.306   0.00102     0.812        23     0.389      0.538      0.982      0.947      0.695      0.738
   0/272   5908/5908     0.149    0.0548      4.67         0      4.88        20      5.55      0.999          1          1      0.999     0.0775
   1/272   5908/5908    0.0368   0.00289    0.0313         0    0.0709        23     0.616      0.999          1          1          1     0.0761
   2/272 11817/11817    0.0707     0.011    0.0432         0     0.125         4     0.397      0.992      0.996      0.996      0.994      0.125
   3/272 11817/11817    0.0615   0.00866    0.0395         0      0.11         4     0.289      0.977      0.996      0.995      0.986      0.139
   4/272 11817/11817    0.0589   0.00793    0.0374         0     0.104         4      0.26      0.994      0.998      0.997      0.996      0.124
   5/272 11817/11817    0.0594   0.00799    0.0378         0     0.105         4      0.29      0.994      0.998      0.997      0.996      0.111
   6/272 11817/11817     0.059   0.00782    0.0373         0     0.104         4     0.332      0.997      0.999      0.999      0.998      0.126
   7/272 11817/11817    0.0606   0.00838    0.0379         0     0.107         4     0.321      0.996      0.996      0.995      0.996     0.0984
   8/272 27442/27442     0.221    0.0259    0.0717         0     0.319         4     0.482      0.966      0.999      0.997      0.982        0.5
   9/272 27442/27442     0.211    0.0245    0.0676         0     0.303         4     0.354      0.973      0.999      0.998      0.986      0.512
  10/272 27442/27442     0.209    0.0236    0.0664         0     0.299         4     0.289      0.982      0.999      0.998       0.99      0.476
  11/272 15624/15624     0.317    0.0312    0.0846         0     0.433        16     0.651      0.945      0.999      0.996      0.971      0.598
  12/272 15624/15624     0.316    0.0299    0.0828         0     0.428        16     0.613      0.986          1      0.999      0.993       0.54
  13/272 15624/15624     0.311    0.0302    0.0838         0     0.425        16     0.617      0.992          1      0.999      0.996      0.537
  14/272 15624/15624     0.311      0.03     0.083         0     0.424        16     0.869      0.991          1      0.999      0.995      0.526
  15/272 15624/15624     0.312    0.0297     0.083         0     0.425        16     0.623      0.975      0.999      0.997      0.987      0.553
   0/272     499/499     0.552     0.183      8.48      1.44      10.7        16     0.299      0.591      0.553      0.457      0.563       1.87
   1/272     499/499     0.336    0.0446     0.188      1.21      1.78        16     0.214      0.455      0.433      0.367      0.415       2.13
   2/272     499/499     0.333    0.0363     0.173      1.13      1.67        16     0.274      0.593      0.549      0.455      0.555       1.76
   3/272     499/499     0.361     0.038     0.165      1.12      1.68        16     0.299      0.627      0.685      0.555      0.655       1.69
   4/272     499/499      0.36      0.04     0.169      1.11      1.68        16     0.361      0.642      0.534      0.458      0.546       1.85
   5/272     499/499     0.342    0.0394     0.167      1.07      1.62        16     0.217      0.643      0.474      0.399      0.489       2.03
   6/272     499/499     0.323    0.0407     0.173      1.07      1.61        16       0.3      0.629      0.586      0.493      0.593       1.73
   7/272     499/499     0.352    0.0426     0.173      1.05      1.62        16     0.373      0.635      0.746      0.607      0.683       1.65
   8/272     499/499     0.348    0.0344     0.161      1.05      1.59        16     0.366      0.633      0.573      0.477      0.585       1.75
   9/272     499/499     0.324    0.0378     0.166      1.03      1.56        16     0.367      0.635      0.704      0.576      0.667       1.59
  10/272     499/499     0.329    0.0377     0.171      1.03      1.57        16     0.319       0.63      0.706      0.587      0.666       1.58
  11/272     499/499     0.337    0.0375     0.161      1.01      1.54        16     0.315      0.641      0.708      0.588      0.672        1.6
  12/272     499/499     0.329    0.0362     0.165      1.01      1.54        16       0.3      0.643       0.73      0.607      0.684       1.56
   0/272     499/499     0.323    0.0336     0.165     0.993      1.51        16     0.296      0.643      0.628       0.53      0.624       1.68
   1/272     499/499     0.319    0.0344     0.173     0.974       1.5        16     0.216      0.665      0.598      0.509      0.612       1.73
   0/272     499/499     0.283    0.0411     0.134     0.412     0.871        16     0.549      0.652      0.943      0.865      0.766      0.729
   1/272     499/499     0.233    0.0327     0.115      0.22       0.6        16     0.369      0.743      0.925      0.856      0.824      0.658
   2/272     499/499     0.218    0.0277    0.0998     0.183     0.529        16     0.502      0.718      0.947      0.876      0.812      0.623
   3/272     499/499     0.231    0.0263    0.0919     0.169     0.518        16     0.545       0.69      0.948      0.879      0.793      0.621
   4/272     499/499     0.226    0.0272    0.0957     0.175     0.524        16     0.723      0.725      0.947      0.884      0.818      0.592
   5/272     499/499     0.211    0.0251     0.093     0.153     0.481        16     0.369      0.655      0.929      0.859      0.763      0.684
   6/272     499/499     0.201    0.0251    0.0973     0.151     0.474        16     0.552       0.75      0.946      0.884      0.834      0.613
   7/272     499/499     0.218    0.0247    0.0935     0.155     0.491        16     0.709       0.78      0.952      0.888      0.853      0.563
   8/272     499/499     0.212     0.024    0.0861     0.144     0.466        16     0.717      0.797      0.951      0.892      0.865      0.561
   9/272     499/499     0.196    0.0233    0.0896      0.14     0.448        16      0.71      0.728       0.96      0.894      0.816      0.549
  10/272     499/499     0.197    0.0228    0.0901     0.139     0.449        16     0.588      0.728       0.95      0.887      0.821      0.611
  11/272     499/499       0.2    0.0224    0.0821     0.135      0.44        16     0.593      0.732      0.954      0.894      0.824      0.557
  12/272     499/499     0.191    0.0218    0.0911     0.125      0.43        16     0.434      0.664      0.932      0.867       0.77      0.667
  13/272     499/499     0.205    0.0221    0.0842     0.121     0.432        16     0.469      0.724      0.959        0.9      0.823      0.559
  14/272     499/499     0.207    0.0232    0.0843     0.133     0.447        16     0.677      0.771      0.952      0.895      0.848       0.54
  15/272     499/499     0.203    0.0217    0.0757     0.126     0.427        16     0.775      0.774      0.951      0.891      0.848       0.56
  16/272     499/499     0.197    0.0216    0.0807     0.121      0.42        16      0.39      0.739       0.96      0.901      0.828       0.54
  17/272     499/499     0.181     0.021    0.0852     0.126     0.413        16     0.586      0.764      0.956      0.896      0.847       0.54
  18/272     499/499     0.196    0.0212    0.0832     0.125     0.425        16     0.721      0.804      0.963      0.906      0.874      0.531
  19/272     499/499     0.201      0.02    0.0741     0.118     0.413        16     0.546      0.716       0.96      0.903      0.811      0.535
  20/272     499/499     0.198    0.0214    0.0797      0.12     0.419        16     0.563      0.727       0.96      0.893      0.819      0.571
  21/272     499/499     0.199    0.0209    0.0752     0.115     0.409        16     0.682      0.738      0.953      0.894      0.827       0.56
  22/272     499/499     0.204     0.022    0.0818     0.119     0.426        16     0.422      0.719      0.964      0.902      0.819      0.549
  23/272     499/499     0.192    0.0213    0.0793     0.118      0.41        16     0.584      0.723      0.965      0.905      0.819       0.52
  24/272     499/499     0.195    0.0197    0.0789     0.111     0.405        15     0.366      0.753      0.949      0.897      0.832      0.554
  25/272     499/499     0.188     0.021    0.0815     0.115     0.405        16     0.467       0.73      0.949      0.889      0.825      0.589
  26/272     499/499      0.19    0.0203    0.0799      0.11       0.4        16     0.401      0.728      0.944      0.891      0.822       0.63
  27/272     499/499      0.19    0.0205    0.0777     0.112       0.4        16     0.546      0.703      0.964      0.899      0.809      0.535
  28/272     499/499     0.189    0.0203    0.0777     0.109     0.396        16     0.423      0.803      0.963      0.911      0.874       0.51
  29/272     499/499     0.191    0.0202     0.076     0.103      0.39        16     0.593      0.813      0.966      0.912      0.878       0.52
  30/272     499/499     0.184    0.0181    0.0784    0.0916     0.373        16     0.369      0.819      0.963      0.913      0.884      0.529
  31/272     499/499      0.18    0.0184    0.0745    0.0852     0.359        16     0.368      0.817      0.962      0.911      0.882      0.514
  32/272     499/499      0.18    0.0186    0.0729    0.0881     0.359        16     0.677      0.817      0.966      0.912      0.882      0.508
  33/272     499/499     0.173    0.0183    0.0718    0.0869      0.35        16      0.58       0.81      0.967      0.913      0.878      0.501
  34/272     499/499     0.176    0.0175    0.0732    0.0815     0.348        16     0.767      0.829      0.967      0.914      0.889        0.5
  35/272     499/499      0.18    0.0183    0.0696    0.0838     0.352        15     0.769      0.822      0.968      0.915      0.885        0.5
  36/272     499/499     0.173    0.0175    0.0695    0.0792     0.339        16     0.594      0.818      0.967      0.915      0.883      0.498
  37/272     499/499     0.166    0.0176    0.0708    0.0792     0.333        16     0.593      0.828      0.964      0.912      0.888      0.501
  38/272     499/499     0.175    0.0183    0.0729    0.0843     0.351        16     0.545      0.802      0.967      0.916      0.873      0.502
  39/272     499/499     0.173    0.0173    0.0728    0.0778     0.341        16     0.711      0.814      0.968      0.918       0.88        0.5
  40/272     499/499     0.168    0.0174    0.0696    0.0767     0.331        16      0.72      0.825      0.969      0.919      0.888      0.498
  41/272     499/499      0.17    0.0186    0.0737    0.0826     0.345        16     0.397      0.824      0.967      0.918      0.887      0.514
  42/272     499/499     0.173    0.0177    0.0708    0.0798     0.341        16     0.423       0.81      0.966      0.916      0.878       0.51
  43/272     499/499     0.176    0.0174    0.0723    0.0784     0.344        16     0.367      0.818      0.962      0.915      0.883      0.528
  44/272     499/499     0.176     0.018    0.0711    0.0794     0.345        15     0.774      0.817      0.967      0.917      0.882      0.506
  45/272     499/499     0.163    0.0173    0.0711    0.0763     0.328        15     0.713       0.81      0.968      0.919      0.878      0.501
  46/272     499/499     0.162    0.0174     0.073    0.0741     0.327        16     0.549      0.821      0.967       0.92      0.885      0.506
  47/272     499/499     0.159    0.0177    0.0761    0.0739     0.327        16     0.368      0.799      0.962      0.918      0.872      0.525
  48/272     499/499     0.158     0.017    0.0696      0.07     0.314        16       0.5      0.807      0.968       0.92      0.876      0.508
  49/272     499/499     0.177    0.0169     0.066    0.0726     0.332        16      0.55      0.814      0.967       0.92       0.88      0.507
  50/272     499/499     0.174    0.0175    0.0702    0.0751     0.337        16     0.686      0.818      0.967      0.919      0.883      0.505
  51/272     499/499      0.16    0.0172    0.0699    0.0735     0.321        16     0.377       0.81      0.963      0.916      0.878      0.518
  52/272     499/499     0.156    0.0174     0.075    0.0673     0.315        16     0.551      0.809      0.964      0.915      0.876      0.512
  53/272     499/499     0.171    0.0177    0.0724    0.0708     0.332        16     0.718      0.808      0.964      0.914      0.875      0.507
  54/272     499/499     0.166    0.0173    0.0663    0.0691     0.318        16     0.716      0.832      0.966      0.918      0.891      0.505
  55/272     499/499     0.156    0.0174    0.0691    0.0719     0.315        16     0.711      0.827      0.967      0.918      0.887      0.509
  56/272     499/499     0.159    0.0174    0.0717    0.0673     0.315        16     0.591      0.806      0.965      0.917      0.875      0.515
  57/272     499/499     0.161    0.0168    0.0658     0.072     0.315        16     0.587      0.807      0.967       0.92      0.875      0.505
  58/272     499/499     0.153     0.017    0.0737    0.0657      0.31        16     0.424      0.789      0.965      0.915      0.865       0.52
  59/272     499/499     0.164    0.0171    0.0669    0.0628     0.311        16     0.471      0.809      0.965       0.92      0.877      0.516
  60/272     499/499     0.165    0.0179    0.0683    0.0643     0.315        16     0.683      0.826      0.966       0.92      0.888      0.512
  61/272     499/499     0.164    0.0168    0.0625    0.0655     0.308        16     0.718      0.828      0.968      0.921      0.889      0.511
  62/272     499/499     0.161     0.017    0.0674    0.0659     0.311        16     0.393      0.822      0.964       0.92      0.885      0.515
  63/272     499/499     0.147    0.0167      0.07    0.0655     0.299        16     0.595      0.822      0.965      0.919      0.885      0.512
  64/272     499/499     0.156    0.0171    0.0675    0.0635     0.304        16     0.705      0.825      0.967      0.921      0.887       0.51
  65/272     499/499     0.167    0.0163    0.0618    0.0626     0.308        16     0.552      0.813      0.965       0.92       0.88      0.512
  66/272     499/499     0.162     0.017    0.0653    0.0652      0.31        16     0.552      0.821      0.966      0.919      0.885      0.512
  67/272     499/499     0.163    0.0169    0.0632    0.0631     0.306        16     0.689      0.822      0.966       0.92      0.885      0.511
  68/272     499/499     0.165    0.0174     0.067    0.0623     0.312        16     0.458      0.802      0.965       0.92      0.873      0.518
  69/272     499/499     0.155    0.0172    0.0662    0.0655     0.304        16     0.587      0.813      0.966       0.92      0.879      0.512
  70/272     499/499     0.159    0.0166    0.0659    0.0637     0.305        15     0.369       0.83      0.963      0.919       0.89      0.517
  71/272     499/499     0.152     0.017    0.0681    0.0617     0.298        16     0.472      0.815      0.965       0.92       0.88      0.516
  72/272     499/499     0.152    0.0164    0.0668    0.0608     0.296        16     0.398      0.796      0.964       0.92       0.87      0.526
  73/272     499/499     0.153    0.0169     0.064    0.0599     0.293        16     0.549      0.813      0.965      0.919      0.879      0.515
  74/272     499/499     0.151    0.0169    0.0657    0.0587     0.292        16     0.425      0.813      0.966       0.92       0.88      0.518
  75/272     499/499     0.153    0.0168    0.0628    0.0579     0.291        16     0.589      0.826      0.966       0.92      0.887      0.512
  76/272     499/499     0.169    0.0167    0.0724    0.0689     0.327        16     0.369      0.814      0.963       0.92       0.88      0.521
  77/272     499/499     0.168    0.0173    0.0691     0.067     0.321        16     0.365      0.819      0.964      0.921      0.884      0.518
  78/272     499/499     0.168    0.0175    0.0681    0.0675     0.321        16     0.731      0.821      0.967       0.92      0.885      0.511
  79/272     499/499     0.163    0.0173     0.067    0.0703     0.317        16     0.592      0.819      0.967       0.92      0.883       0.51
  80/272     499/499     0.165    0.0166    0.0693    0.0634     0.314        16     0.774      0.839      0.967      0.919      0.895       0.51
  81/272     499/499     0.169    0.0174    0.0657    0.0652     0.318        15     0.768      0.823      0.967       0.92      0.885       0.51
  82/272     499/499     0.164    0.0168    0.0653    0.0633     0.309        16     0.586       0.82      0.967       0.92      0.884      0.511
  83/272     499/499     0.157    0.0168     0.067    0.0636     0.304        16     0.597      0.825      0.967      0.921      0.887      0.511
  84/272     499/499     0.165    0.0174     0.069    0.0678      0.32        16     0.549      0.811      0.966      0.919      0.878      0.512
  85/272     499/499     0.164    0.0167    0.0699    0.0639     0.315        16     0.715      0.819      0.967       0.92      0.883       0.51
  86/272     499/499     0.159    0.0168    0.0668    0.0624     0.305        16     0.716      0.829      0.967       0.92      0.889      0.509
  87/272     499/499     0.162    0.0179    0.0703    0.0672     0.317        16     0.403       0.81      0.964      0.919      0.878      0.518
  88/272     499/499     0.165    0.0171    0.0678    0.0623     0.312        16      0.42      0.811      0.966       0.92      0.879      0.516
  89/272     499/499     0.167    0.0168    0.0696    0.0619     0.316        16     0.368      0.823      0.962      0.918      0.885      0.524
  90/272     499/499     0.168    0.0174    0.0684    0.0672     0.321        15     0.773      0.825      0.966       0.92      0.887      0.512
  91/272     499/499     0.155    0.0169    0.0685    0.0656     0.306        15     0.717      0.821      0.965       0.92      0.884      0.512
  92/272     499/499     0.159    0.0169      0.07    0.0626     0.308        16     0.467      0.807      0.965       0.92      0.875      0.517
  93/272     499/499     0.174     0.017    0.0639    0.0648      0.32        16     0.505      0.813      0.965      0.918      0.879      0.515
  94/272     499/499     0.173    0.0169    0.0665    0.0686     0.325        16     0.547      0.811      0.967       0.92      0.878      0.513
  95/272     499/499     0.173    0.0167    0.0645    0.0668     0.321        16     0.764      0.817      0.967       0.92      0.881       0.51
  96/272     499/499     0.159    0.0175    0.0701    0.0672     0.313        16      0.68      0.818      0.967       0.92      0.882      0.512
  97/272     499/499      0.16    0.0165    0.0688    0.0641      0.31        16     0.466      0.811      0.964      0.918      0.878      0.514
  98/272     499/499     0.163    0.0172    0.0744    0.0682     0.323        16     0.476      0.813      0.966      0.919      0.879      0.515
  99/272     499/499     0.163    0.0173    0.0669    0.0665     0.314        16     0.429      0.797      0.965      0.921       0.87       0.52
 100/272     499/499      0.17    0.0168    0.0654     0.068      0.32        16     0.842       0.82      0.967       0.92      0.883      0.511
 101/272     499/499     0.158    0.0167    0.0728    0.0642     0.312        16     0.473      0.799      0.965       0.92       0.87      0.516
 102/272     499/499     0.168    0.0173    0.0688    0.0696     0.323        16     0.446      0.796      0.966      0.921      0.869      0.518
 103/272     499/499     0.174    0.0173    0.0692    0.0685     0.329        16     0.421      0.803      0.964      0.919      0.873      0.518
 104/272     499/499     0.175    0.0171    0.0651    0.0652     0.323        15     0.499      0.806      0.965      0.918      0.874      0.515
 105/272     499/499     0.165    0.0172    0.0737    0.0674     0.323        16     0.714      0.823      0.967      0.921      0.885      0.512
 106/272     499/499     0.161     0.017    0.0738    0.0679      0.32        16     0.396       0.79      0.966      0.923      0.866      0.525
 107/272     499/499      0.17    0.0168    0.0658    0.0644     0.316        16     0.503      0.808      0.967      0.921      0.876      0.515
 108/272     499/499     0.175    0.0174     0.066    0.0638     0.322        16     0.771      0.824      0.967      0.919      0.886      0.513
 109/272     499/499     0.161     0.017    0.0727    0.0639     0.314        16     0.779      0.829      0.967       0.92      0.889      0.512
 110/272     499/499      0.17    0.0169    0.0691    0.0623     0.318        16     0.772      0.826      0.967       0.92      0.888      0.513
 111/272     499/499     0.157    0.0168    0.0731    0.0621     0.309        16     0.401      0.806      0.966      0.922      0.876      0.524
 112/272     499/499     0.166     0.017     0.068    0.0636     0.314        16     0.468      0.806      0.966      0.921      0.875      0.521
 113/272     499/499     0.171    0.0173    0.0685    0.0698     0.326        16     0.508      0.811      0.967      0.921      0.878      0.515
 114/272     499/499     0.173    0.0169    0.0645    0.0639     0.318        16     0.504      0.808      0.968      0.923      0.877      0.518
 115/272     499/499      0.17    0.0173    0.0668    0.0648     0.319        16     0.506      0.804      0.967      0.921      0.874      0.518
 116/272     499/499     0.177    0.0171    0.0629    0.0578     0.315        16     0.552      0.815      0.967       0.92      0.881      0.515
 117/272     499/499     0.178    0.0171    0.0613    0.0648     0.321        16     0.656      0.817      0.968      0.922      0.882      0.516
 118/272     499/499     0.173    0.0174    0.0693    0.0649     0.325        16     0.363      0.811      0.966      0.922      0.879      0.525
 119/272     499/499     0.174    0.0171    0.0639    0.0639     0.319        16     0.771      0.816      0.967       0.92      0.881      0.513
 120/272     499/499     0.168    0.0165    0.0682    0.0636     0.316        16     0.588      0.811      0.966       0.92      0.878      0.516
 121/272     499/499     0.169    0.0171    0.0677    0.0621     0.316        16     0.588       0.81      0.966       0.92      0.878      0.516
 122/272     499/499     0.161    0.0174    0.0697    0.0619      0.31        16     0.369      0.813      0.966      0.923      0.881      0.523
 123/272     499/499     0.173    0.0175    0.0678    0.0633     0.322        16      0.37      0.819      0.967      0.923      0.884      0.521
 124/272     499/499     0.168    0.0176    0.0651    0.0606     0.311        16     0.534      0.805      0.967      0.922      0.874      0.519
 125/272     499/499     0.169    0.0173    0.0662    0.0608     0.313        16     0.684       0.82      0.967      0.921      0.883      0.516
 126/272     499/499     0.164    0.0171    0.0664    0.0613     0.309        16     0.676      0.815      0.967       0.92       0.88      0.515
 127/272     499/499      0.17    0.0175    0.0687    0.0631     0.319        16     0.367      0.816      0.966      0.923      0.882      0.524
 128/272     499/499     0.173    0.0169    0.0686    0.0634     0.322        16     0.683      0.818      0.968      0.922      0.882      0.515
 129/272     499/499     0.157    0.0174    0.0718    0.0636      0.31        16     0.471      0.792      0.967      0.921      0.866      0.523
 130/272     499/499     0.167    0.0168    0.0671    0.0637     0.314        16     0.547      0.815      0.967      0.921      0.881      0.518
 131/272     499/499     0.166    0.0171    0.0711    0.0687     0.323        16     0.424      0.804      0.966      0.922      0.874       0.52
 132/272     499/499     0.177     0.017    0.0667    0.0637     0.325        16     0.422      0.813      0.966       0.92      0.879      0.518
 133/272     499/499     0.157    0.0173    0.0735     0.066     0.314        16     0.371      0.808      0.965      0.921      0.877      0.526
 134/272     499/499     0.165    0.0165    0.0671    0.0597     0.308        16     0.505      0.798      0.967      0.922       0.87       0.52
 135/272     499/499     0.161    0.0174      0.07    0.0617      0.31        16     0.364      0.796      0.965      0.922       0.87      0.533
 136/272     499/499     0.158    0.0177    0.0734    0.0626     0.312        16     0.466      0.796      0.967      0.922       0.87      0.522
 137/272     499/499     0.167    0.0177    0.0688    0.0671      0.32        15     0.509      0.797      0.967      0.922       0.87      0.521
 138/272     499/499     0.163    0.0168    0.0672    0.0603     0.307        16     0.713      0.825      0.967      0.921      0.887      0.516
 139/272     499/499     0.177    0.0173    0.0679    0.0667     0.329        16     0.425       0.79      0.967      0.921      0.866      0.528
 140/272     499/499      0.17    0.0168    0.0643    0.0583      0.31        16     0.397      0.796      0.968      0.923       0.87      0.528
 141/272     499/499     0.174    0.0166    0.0644    0.0622     0.317        15     0.405      0.803      0.967      0.923      0.874      0.525
 142/272     499/499      0.17     0.017     0.067    0.0641     0.318        16     0.548      0.814      0.968      0.922      0.881      0.522
 143/272     499/499     0.173    0.0171    0.0626    0.0614     0.314        16     0.465      0.801      0.968      0.923      0.873      0.522
 144/272     499/499     0.156    0.0169     0.075    0.0598     0.307        16     0.504       0.81      0.968      0.921      0.878       0.52
 145/272     499/499     0.168    0.0176    0.0683    0.0628     0.316        16     0.732      0.815      0.967      0.921      0.881      0.518
 146/272     499/499      0.17     0.017    0.0662    0.0647     0.318        16     0.686      0.809      0.968      0.922      0.877      0.517
 147/272     499/499     0.159    0.0174    0.0737    0.0577     0.308        16     0.553      0.814      0.968      0.921       0.88      0.518
 148/272     499/499     0.161    0.0172    0.0676    0.0621     0.308        16     0.486      0.799      0.967      0.922      0.871      0.523
 149/272     499/499     0.166    0.0174    0.0707    0.0594     0.314        16     0.683      0.812      0.968      0.921      0.879      0.519
 150/272     499/499      0.17    0.0174    0.0717    0.0663     0.325        16     0.769      0.817      0.968      0.922      0.882      0.518
 151/272     499/499     0.166     0.017    0.0683     0.065     0.317        16      0.77      0.821      0.967      0.921      0.883      0.516
 152/272     499/499     0.168    0.0173    0.0668    0.0615     0.314        16     0.596      0.803      0.967       0.92      0.873      0.518
 153/272     499/499     0.166    0.0169     0.065    0.0587     0.306        16     0.778      0.817      0.968      0.921      0.882      0.516
 154/272     499/499     0.162    0.0168    0.0678    0.0578     0.305        16     0.398      0.794      0.967      0.923      0.869      0.529
 155/272     499/499     0.161    0.0169    0.0693    0.0595     0.307        16     0.681      0.812      0.968      0.921      0.878      0.518
 156/272     499/499     0.171    0.0168    0.0656    0.0649     0.318        16     0.729      0.823      0.968      0.921      0.885      0.515
 157/272     499/499     0.167    0.0175    0.0675    0.0607     0.313        16     0.712      0.816      0.967      0.921      0.881      0.519
 158/272     499/499     0.166    0.0168    0.0695    0.0615     0.314        16     0.676      0.815      0.968      0.922      0.881       0.52
 159/272     499/499     0.162    0.0172    0.0686    0.0623     0.311        16     0.371      0.803      0.966      0.923      0.874      0.536
 160/272     499/499     0.161    0.0169    0.0694    0.0546     0.302        16     0.423      0.804      0.967      0.924      0.874      0.529
 161/272     499/499     0.162    0.0174    0.0693    0.0582     0.307        16     0.593      0.811      0.968      0.922      0.879      0.523
 162/272     499/499     0.171    0.0173    0.0705     0.063     0.321        16     0.778      0.824      0.968      0.921      0.886      0.519
 163/272     499/499     0.174    0.0172    0.0638    0.0648      0.32        16     0.588      0.814      0.968      0.922       0.88      0.523
 164/272     499/499     0.166    0.0166    0.0637    0.0543     0.301        16     0.425      0.803      0.967      0.923      0.874      0.528
 165/272     499/499     0.166    0.0168    0.0667    0.0573     0.307        16     0.676      0.818      0.968      0.922      0.882       0.52
 166/272     499/499     0.168    0.0166    0.0658    0.0614     0.312        16     0.367      0.811      0.965      0.921      0.879      0.535
 167/272     499/499     0.164    0.0168    0.0679    0.0572     0.306        16     0.682      0.821      0.967      0.921      0.884       0.52
 168/272     499/499     0.164    0.0166    0.0694     0.056     0.306        16     0.775       0.82      0.968      0.922      0.884       0.52
 169/272     499/499     0.166    0.0174    0.0691    0.0601     0.312        16     0.514       0.81      0.967      0.922      0.878      0.521
 170/272     499/499     0.162    0.0165    0.0652    0.0597     0.303        16     0.554      0.811      0.967      0.922      0.878      0.523
 171/272     499/499     0.165    0.0178    0.0746    0.0635     0.321        16     0.476      0.797      0.967      0.922      0.869      0.528
 172/272     499/499     0.163    0.0169    0.0654    0.0546       0.3        16     0.551      0.805      0.967      0.922      0.875      0.527
 173/272     499/499     0.165    0.0169    0.0692    0.0582     0.309        15      0.72      0.817      0.967      0.922      0.882      0.522
 174/272     499/499     0.172    0.0169    0.0672    0.0596     0.316        16     0.421      0.793      0.967      0.925      0.868      0.536
 175/272     499/499     0.171    0.0166    0.0626    0.0586     0.309        16     0.766      0.818      0.968      0.922      0.883       0.52
 176/272     499/499     0.163    0.0171    0.0723    0.0586     0.311        16     0.589      0.806      0.967      0.922      0.875      0.524
 177/272     499/499     0.156     0.017    0.0718    0.0535     0.298        16     0.366      0.802      0.965      0.922      0.874      0.544
 178/272     499/499     0.167     0.017    0.0687    0.0566      0.31        16     0.777      0.815      0.968      0.923      0.881      0.521
 179/272     499/499     0.163    0.0178    0.0714    0.0599     0.312        16     0.596      0.815      0.967      0.922      0.881      0.524
 180/272     499/499     0.168    0.0167    0.0652     0.063     0.312        16     0.505      0.801      0.967      0.923      0.873      0.528
 181/272     499/499     0.161    0.0173    0.0674     0.055     0.301        16     0.596      0.803      0.967      0.923      0.873      0.526
 182/272     499/499     0.159    0.0171    0.0689    0.0563     0.301        16     0.769      0.818      0.969      0.923      0.882      0.522
 183/272     499/499     0.175    0.0173    0.0639    0.0605     0.317        16     0.595      0.805      0.966      0.921      0.874      0.526
 184/272     499/499      0.17    0.0169    0.0673    0.0613     0.315        16     0.369      0.801      0.967      0.924      0.873      0.543
 185/272     499/499     0.172    0.0168    0.0676    0.0574     0.314        16     0.673      0.812      0.967      0.922      0.879      0.525
 186/272     499/499     0.158    0.0174    0.0717    0.0602     0.308        16     0.789      0.813      0.966      0.922      0.879      0.527
 187/272     499/499     0.174    0.0169    0.0645     0.056     0.311        16      0.42      0.794      0.969      0.925      0.869      0.535
 188/272     499/499     0.157    0.0174    0.0709    0.0549       0.3        16     0.387      0.788      0.967      0.924      0.866      0.552
 189/272     499/499     0.164    0.0168    0.0651     0.056     0.302        16      0.42      0.795      0.967      0.924      0.869      0.536
 190/272     499/499     0.166    0.0175    0.0673    0.0583     0.309        16     0.677      0.811      0.968      0.922      0.878      0.525
 191/272     499/499     0.178    0.0172    0.0685    0.0601     0.324        16     0.775      0.821      0.968      0.922      0.884      0.523
 192/272     499/499     0.167    0.0176    0.0699    0.0601     0.314        15     0.583      0.804      0.969      0.923      0.874      0.525
 193/272     499/499     0.165    0.0174    0.0704    0.0584     0.312        16     0.419      0.796      0.969      0.924       0.87      0.537
 194/272     499/499     0.159    0.0169    0.0683    0.0567     0.301        16     0.372      0.816      0.967      0.924      0.882      0.535
 195/272     499/499     0.175    0.0172     0.065    0.0535     0.311        16     0.425      0.801      0.967      0.922      0.873       0.53
 196/272     499/499     0.169    0.0172    0.0677    0.0622     0.316        16     0.706      0.818      0.968      0.922      0.882      0.521
 197/272     499/499     0.161    0.0172    0.0652    0.0561     0.299        16      0.55       0.81      0.967      0.921      0.877      0.524
 198/272     499/499     0.167    0.0172    0.0719    0.0595     0.315        16     0.469      0.804      0.967      0.922      0.873      0.527
 199/272     499/499     0.171    0.0173    0.0671    0.0581     0.314        16     0.592      0.814      0.967       0.92       0.88      0.522
 200/272     499/499     0.174    0.0172    0.0661    0.0549     0.312        16     0.769      0.815      0.966      0.921       0.88      0.522
 201/272     499/499     0.169    0.0181    0.0707    0.0587     0.316        16     0.777      0.821      0.967       0.92      0.883      0.523
 202/272     499/499     0.164    0.0168    0.0722    0.0536     0.307        16     0.546      0.803      0.967      0.921      0.873      0.526
 203/272     499/499     0.166    0.0172    0.0657    0.0561     0.305        16     0.547      0.801      0.966       0.92      0.871      0.524
 204/272     499/499     0.159     0.017    0.0716    0.0513     0.298        16     0.587      0.809      0.967      0.921      0.877      0.524
 205/272     499/499     0.172    0.0173     0.066     0.058     0.313        16     0.464      0.802      0.967      0.922      0.873      0.527
 206/272     499/499     0.168    0.0168    0.0663    0.0544     0.306        16     0.387      0.806      0.967      0.923      0.876      0.538
 207/272     499/499     0.161    0.0171    0.0678     0.055     0.301        16     0.593      0.807      0.967      0.922      0.876      0.529
 208/272     499/499     0.166     0.017    0.0685    0.0576     0.309        16     0.677      0.818      0.967      0.923      0.883      0.527
 209/272     499/499     0.172    0.0167    0.0635    0.0535     0.306        16     0.718      0.815      0.967      0.921      0.881      0.526
 210/272     499/499     0.161    0.0169    0.0665    0.0544     0.298        16       0.5      0.805      0.968      0.924      0.875      0.535
 211/272     499/499     0.172    0.0173    0.0668    0.0529     0.309        16     0.469      0.798      0.967      0.923       0.87      0.536
 212/272     499/499      0.17    0.0165    0.0652    0.0573     0.309        16     0.548      0.811      0.967      0.922      0.878      0.527
 213/272     499/499     0.166    0.0169    0.0692    0.0557     0.308        16     0.772      0.819      0.967      0.922      0.883      0.526
 214/272     499/499     0.157    0.0168    0.0716    0.0595     0.305        16     0.369       0.79      0.964      0.921      0.865      0.555
 215/272     499/499     0.159     0.017    0.0687    0.0543     0.299        16     0.469      0.791      0.968      0.923      0.867      0.538
 216/272     499/499     0.162    0.0168    0.0682    0.0556     0.303        16     0.422      0.796      0.968      0.922      0.869      0.533
 217/272     499/499      0.17    0.0168    0.0649     0.056     0.308        16     0.368      0.807      0.966      0.921      0.877      0.543
 218/272     499/499     0.172    0.0172    0.0665    0.0534     0.309        15     0.551      0.796      0.967      0.921      0.869      0.529
 219/272     499/499     0.169    0.0166    0.0645    0.0483     0.298        16     0.553      0.808      0.967      0.922      0.876      0.529
 220/272     499/499     0.158    0.0177    0.0706    0.0466     0.293        15     0.587      0.812      0.967      0.922      0.879      0.532
 221/272     499/499     0.165    0.0175    0.0669    0.0552     0.304        16     0.548      0.801      0.967      0.922      0.872      0.531
 222/272     499/499     0.164    0.0172    0.0714    0.0584     0.311        16     0.559      0.803      0.967      0.922      0.873      0.531
 223/272     499/499     0.155    0.0173    0.0717     0.055     0.299        16     0.599      0.806      0.967      0.922      0.875      0.529
 224/272     499/499     0.173    0.0172    0.0691    0.0479     0.308        16      0.42      0.808      0.968      0.923      0.877      0.535
 225/272     499/499     0.163    0.0168    0.0657    0.0515     0.297        15      0.68      0.816      0.967      0.921      0.881      0.527
 226/272     499/499     0.168    0.0169    0.0637    0.0554     0.304        16     0.425      0.797      0.968      0.923       0.87      0.538
 227/272     499/499     0.178    0.0168    0.0596    0.0567     0.311        16     0.554      0.808      0.968      0.922      0.876      0.529
 228/272     499/499     0.175    0.0173    0.0652     0.056     0.314        16     0.464      0.795      0.968      0.924      0.869       0.54
 229/272     499/499     0.161    0.0171    0.0671    0.0519     0.297        16     0.687      0.804      0.968      0.923      0.874      0.527
 230/272     499/499     0.171    0.0169    0.0656    0.0556     0.309        15     0.682      0.809      0.966      0.922      0.876      0.529
 231/272     499/499     0.164    0.0167    0.0716    0.0543     0.307        16     0.369       0.81      0.968      0.925      0.879      0.543
 232/272     499/499     0.155     0.017    0.0717    0.0493     0.293        16     0.365      0.789      0.969      0.926      0.867      0.554
 233/272     499/499     0.168    0.0173     0.068      0.05     0.303        16     0.366      0.799      0.965      0.924      0.872      0.554
